timestamp, total_detections, data_0, data_1, data_2, data_3, data_4, data_5, data_6, data_7, data_8, data_9
2019-02-14 23:52:50, 2, 0, 0, 0, 1, 1, 0, 0, 0, 0, 0
2019-02-14 23:53:00, 0, 0, 0, 0, 0, 0, 0, 0, 0, 0, 0
2019-02-14 23:53:10, 0, 0, 0, 0, 0, 0, 0, 0, 0, 0, 0
2019-02-14 23:53:20, 0, 0, 0, 0, 0, 0, 0, 0, 0, 0, 0
2019-02-15 00:36:43, 0, 0, 0, 0, 0, 0, 0, 0, 0, 0, 0
2019-02-15 00:36:53, 0, 0, 0, 0, 0, 0, 0, 0, 0, 0, 0
2019-02-15 00:37:03, 2, 0, 0, 0, 0, 0, 0, 0, 0, 1, 1
2019-02-14 18:27:10, 2, 0, 0, 0, 0, 0, 0, 0, 0, 1, 1
2019-02-14 18:27:20, 0, 0, 0, 0, 0, 0, 0, 0, 0, 0, 0
2019-02-14 18:27:30, 2, 0, 0, 0, 0, 1, 1, 0, 0, 0, 0
2019-02-14 18:27:40, 0, 0, 0, 0, 0, 0, 0, 0, 0, 0, 0
2019-02-14 18:27:50, 0, 0, 0, 0, 0, 0, 0, 0, 0, 0, 0
2019-02-14 18:28:00, 0, 0, 0, 0, 0, 0, 0, 0, 0, 0, 0
2019-02-14 18:28:10, 3, 1, 0, 0, 1, 0, 0, 0, 1, 0, 0
2019-02-14 18:28:20, 0, 0, 0, 0, 0, 0, 0, 0, 0, 0, 0
2019-02-14 18:28:30, 7, 0, 0, 1, 1, 1, 0, 1, 1, 1, 1
2019-02-14 18:28:40, 3, 1, 0, 0, 0, 0, 1, 1, 0, 0, 0
2019-02-14 18:28:50, 0, 0, 0, 0, 0, 0, 0, 0, 0, 0, 0
2019-02-14 18:29:00, 0, 0, 0, 0, 0, 0, 0, 0, 0, 0, 0
2019-02-14 18:29:11, 0, 0, 0, 0, 0, 0, 0, 0, 0, 0, 0
2019-02-14 18:29:21, 0, 0, 0, 0, 0, 0, 0, 0, 0, 0, 0
2019-02-14 18:29:31, 0, 0, 0, 0, 0, 0, 0, 0, 0, 0, 0
2019-02-14 18:29:56, 1, 0, 1, 0, 0, 0, 0, 0, 0, 0, 0
2019-02-14 18:30:06, 1, 0, 0, 1, 0, 0, 0, 0, 0, 0, 0
2019-02-14 18:30:17, 2, 0, 0, 0, 0, 0, 0, 0, 0, 1, 1
2019-02-14 18:30:27, 8, 1, 1, 0, 1, 1, 1, 1, 0, 1, 1
2019-02-14 18:30:37, 3, 1, 1, 0, 0, 1, 0, 0, 0, 0, 0
2019-02-14 18:30:47, 0, 0, 0, 0, 0, 0, 0, 0, 0, 0, 0
2019-02-14 18:30:57, 0, 0, 0, 0, 0, 0, 0, 0, 0, 0, 0
2019-02-14 18:31:07, 0, 0, 0, 0, 0, 0, 0, 0, 0, 0, 0
2019-02-14 18:31:17, 0, 0, 0, 0, 0, 0, 0, 0, 0, 0, 0
2019-02-14 18:31:27, 0, 0, 0, 0, 0, 0, 0, 0, 0, 0, 0
2019-02-14 18:31:37, 0, 0, 0, 0, 0, 0, 0, 0, 0, 0, 0
2019-02-14 18:31:47, 0, 0, 0, 0, 0, 0, 0, 0, 0, 0, 0
2019-02-14 18:31:57, 0, 0, 0, 0, 0, 0, 0, 0, 0, 0, 0
2019-02-14 18:32:07, 0, 0, 0, 0, 0, 0, 0, 0, 0, 0, 0
2019-02-14 18:32:17, 0, 0, 0, 0, 0, 0, 0, 0, 0, 0, 0
2019-02-14 18:32:28, 0, 0, 0, 0, 0, 0, 0, 0, 0, 0, 0
2019-02-14 18:32:38, 2, 0, 0, 0, 0, 0, 0, 0, 1, 1, 0
2019-02-14 18:32:48, 1, 0, 0, 0, 1, 0, 0, 0, 0, 0, 0
2019-02-14 18:32:58, 1, 0, 0, 0, 0, 0, 1, 0, 0, 0, 0
2019-02-14 18:33:08, 0, 0, 0, 0, 0, 0, 0, 0, 0, 0, 0
2019-02-14 18:33:18, 0, 0, 0, 0, 0, 0, 0, 0, 0, 0, 0
2019-02-14 18:33:28, 0, 0, 0, 0, 0, 0, 0, 0, 0, 0, 0
2019-02-14 18:33:38, 0, 0, 0, 0, 0, 0, 0, 0, 0, 0, 0
2019-02-14 18:33:48, 0, 0, 0, 0, 0, 0, 0, 0, 0, 0, 0
2019-02-14 18:33:58, 0, 0, 0, 0, 0, 0, 0, 0, 0, 0, 0
2019-02-14 18:34:08, 0, 0, 0, 0, 0, 0, 0, 0, 0, 0, 0
2019-02-14 18:34:18, 0, 0, 0, 0, 0, 0, 0, 0, 0, 0, 0
2019-02-14 18:34:28, 0, 0, 0, 0, 0, 0, 0, 0, 0, 0, 0
2019-02-14 18:34:38, 0, 0, 0, 0, 0, 0, 0, 0, 0, 0, 0
2019-02-14 18:34:49, 0, 0, 0, 0, 0, 0, 0, 0, 0, 0, 0
2019-02-14 18:34:59, 0, 0, 0, 0, 0, 0, 0, 0, 0, 0, 0
2019-02-14 18:35:09, 0, 0, 0, 0, 0, 0, 0, 0, 0, 0, 0
2019-02-14 18:35:19, 0, 0, 0, 0, 0, 0, 0, 0, 0, 0, 0
2019-02-14 18:35:29, 1, 0, 0, 0, 0, 0, 1, 0, 0, 0, 0
2019-02-14 18:35:39, 0, 0, 0, 0, 0, 0, 0, 0, 0, 0, 0
2019-02-14 18:35:49, 0, 0, 0, 0, 0, 0, 0, 0, 0, 0, 0
2019-02-14 18:35:59, 0, 0, 0, 0, 0, 0, 0, 0, 0, 0, 0
2019-02-14 18:36:09, 0, 0, 0, 0, 0, 0, 0, 0, 0, 0, 0
2019-02-14 18:36:19, 0, 0, 0, 0, 0, 0, 0, 0, 0, 0, 0
2019-02-14 18:36:29, 0, 0, 0, 0, 0, 0, 0, 0, 0, 0, 0
2019-02-14 18:36:39, 0, 0, 0, 0, 0, 0, 0, 0, 0, 0, 0
2019-02-14 18:36:49, 0, 0, 0, 0, 0, 0, 0, 0, 0, 0, 0
2019-02-14 18:37:00, 0, 0, 0, 0, 0, 0, 0, 0, 0, 0, 0
2019-02-14 18:37:10, 0, 0, 0, 0, 0, 0, 0, 0, 0, 0, 0
2019-02-14 18:37:20, 0, 0, 0, 0, 0, 0, 0, 0, 0, 0, 0
2019-02-14 18:37:30, 0, 0, 0, 0, 0, 0, 0, 0, 0, 0, 0
2019-02-14 18:37:40, 3, 0, 1, 0, 0, 0, 0, 0, 1, 0, 1
2019-02-14 18:37:50, 6, 0, 1, 1, 0, 1, 0, 1, 1, 0, 1
2019-02-14 18:38:00, 4, 0, 0, 1, 1, 1, 1, 0, 0, 0, 0
2019-02-14 18:38:10, 4, 0, 0, 0, 1, 1, 1, 1, 0, 0, 0
2019-02-14 18:38:20, 4, 0, 0, 0, 1, 1, 1, 1, 0, 0, 0
2019-02-14 18:38:30, 2, 0, 0, 0, 0, 0, 0, 0, 1, 0, 1
2019-02-14 18:38:40, 0, 0, 0, 0, 0, 0, 0, 0, 0, 0, 0
2019-02-14 18:38:50, 3, 0, 0, 0, 0, 1, 1, 1, 0, 0, 0
2019-02-14 18:39:00, 0, 0, 0, 0, 0, 0, 0, 0, 0, 0, 0
2019-02-14 18:39:11, 0, 0, 0, 0, 0, 0, 0, 0, 0, 0, 0
2019-02-14 18:39:21, 0, 0, 0, 0, 0, 0, 0, 0, 0, 0, 0
2019-02-14 18:39:31, 2, 0, 1, 0, 0, 0, 0, 0, 0, 0, 1
2019-02-14 18:39:41, 0, 0, 0, 0, 0, 0, 0, 0, 0, 0, 0
2019-02-14 18:39:51, 0, 0, 0, 0, 0, 0, 0, 0, 0, 0, 0
2019-02-14 18:40:01, 2, 0, 0, 1, 1, 0, 0, 0, 0, 0, 0
2019-02-14 18:40:11, 0, 0, 0, 0, 0, 0, 0, 0, 0, 0, 0
2019-02-14 18:40:21, 0, 0, 0, 0, 0, 0, 0, 0, 0, 0, 0
2019-02-14 18:40:31, 0, 0, 0, 0, 0, 0, 0, 0, 0, 0, 0
2019-02-14 18:40:41, 0, 0, 0, 0, 0, 0, 0, 0, 0, 0, 0
2019-02-14 18:40:51, 0, 0, 0, 0, 0, 0, 0, 0, 0, 0, 0
2019-02-14 18:41:01, 0, 0, 0, 0, 0, 0, 0, 0, 0, 0, 0
2019-02-14 18:41:11, 0, 0, 0, 0, 0, 0, 0, 0, 0, 0, 0
2019-02-14 18:41:22, 0, 0, 0, 0, 0, 0, 0, 0, 0, 0, 0
2019-02-14 18:41:32, 0, 0, 0, 0, 0, 0, 0, 0, 0, 0, 0
2019-02-14 18:41:42, 0, 0, 0, 0, 0, 0, 0, 0, 0, 0, 0
2019-02-14 18:41:52, 0, 0, 0, 0, 0, 0, 0, 0, 0, 0, 0
2019-02-14 18:42:02, 2, 0, 0, 0, 1, 1, 0, 0, 0, 0, 0
2019-02-14 18:42:12, 7, 1, 1, 1, 1, 0, 1, 1, 0, 0, 1
2019-02-14 18:42:22, 4, 1, 0, 0, 0, 1, 1, 0, 1, 0, 0
2019-02-14 18:42:32, 2, 0, 0, 0, 0, 1, 1, 0, 0, 0, 0
2019-02-14 18:42:42, 3, 1, 1, 1, 0, 0, 0, 0, 0, 0, 0
2019-02-14 18:42:52, 7, 0, 1, 1, 0, 1, 1, 1, 1, 0, 1
2019-02-14 18:43:02, 5, 1, 0, 0, 0, 0, 1, 1, 0, 1, 1
2019-02-14 18:43:12, 6, 0, 0, 0, 1, 1, 1, 1, 1, 1, 0
2019-02-14 18:43:23, 5, 0, 0, 1, 1, 0, 1, 0, 0, 1, 1
2019-02-14 18:43:33, 4, 0, 0, 0, 0, 0, 0, 1, 1, 1, 1
2019-02-14 18:43:43, 5, 1, 1, 1, 1, 1, 0, 0, 0, 0, 0
2019-02-14 18:43:53, 0, 0, 0, 0, 0, 0, 0, 0, 0, 0, 0
2019-02-14 18:44:03, 0, 0, 0, 0, 0, 0, 0, 0, 0, 0, 0
2019-02-14 18:44:13, 0, 0, 0, 0, 0, 0, 0, 0, 0, 0, 0
2019-02-14 18:44:23, 0, 0, 0, 0, 0, 0, 0, 0, 0, 0, 0
2019-02-14 18:44:33, 0, 0, 0, 0, 0, 0, 0, 0, 0, 0, 0
2019-02-14 18:44:43, 0, 0, 0, 0, 0, 0, 0, 0, 0, 0, 0
2019-02-14 18:44:53, 0, 0, 0, 0, 0, 0, 0, 0, 0, 0, 0
2019-02-14 18:45:03, 0, 0, 0, 0, 0, 0, 0, 0, 0, 0, 0
2019-02-14 18:45:13, 1, 1, 0, 0, 0, 0, 0, 0, 0, 0, 0
2019-02-14 18:45:24, 4, 0, 0, 0, 0, 1, 1, 0, 1, 1, 0
2019-02-14 18:45:34, 0, 0, 0, 0, 0, 0, 0, 0, 0, 0, 0
2019-02-14 18:45:44, 0, 0, 0, 0, 0, 0, 0, 0, 0, 0, 0
2019-02-14 18:45:54, 0, 0, 0, 0, 0, 0, 0, 0, 0, 0, 0
2019-02-14 18:46:04, 0, 0, 0, 0, 0, 0, 0, 0, 0, 0, 0
2019-02-14 18:46:14, 0, 0, 0, 0, 0, 0, 0, 0, 0, 0, 0
2019-02-14 18:46:24, 0, 0, 0, 0, 0, 0, 0, 0, 0, 0, 0
2019-02-14 18:46:34, 0, 0, 0, 0, 0, 0, 0, 0, 0, 0, 0
2019-02-14 18:46:44, 0, 0, 0, 0, 0, 0, 0, 0, 0, 0, 0
2019-02-14 18:46:54, 0, 0, 0, 0, 0, 0, 0, 0, 0, 0, 0
2019-02-14 18:47:04, 0, 0, 0, 0, 0, 0, 0, 0, 0, 0, 0
2019-02-14 18:47:14, 0, 0, 0, 0, 0, 0, 0, 0, 0, 0, 0
2019-02-14 18:47:24, 0, 0, 0, 0, 0, 0, 0, 0, 0, 0, 0
2019-02-14 18:47:34, 0, 0, 0, 0, 0, 0, 0, 0, 0, 0, 0
2019-02-14 18:47:44, 0, 0, 0, 0, 0, 0, 0, 0, 0, 0, 0
2019-02-14 18:47:55, 0, 0, 0, 0, 0, 0, 0, 0, 0, 0, 0
2019-02-14 18:48:05, 0, 0, 0, 0, 0, 0, 0, 0, 0, 0, 0
2019-02-14 18:48:15, 3, 0, 0, 0, 0, 0, 1, 1, 1, 0, 0
2019-02-14 18:48:25, 5, 0, 0, 0, 0, 0, 1, 1, 1, 1, 1
2019-02-14 18:48:35, 6, 1, 1, 1, 0, 0, 1, 0, 1, 1, 0
2019-02-14 18:48:45, 7, 1, 1, 1, 1, 0, 1, 0, 1, 1, 0
2019-02-14 18:48:55, 5, 1, 1, 1, 1, 1, 0, 0, 0, 0, 0
2019-02-14 18:49:05, 0, 0, 0, 0, 0, 0, 0, 0, 0, 0, 0
2019-02-14 18:49:15, 0, 0, 0, 0, 0, 0, 0, 0, 0, 0, 0
2019-02-14 18:49:25, 0, 0, 0, 0, 0, 0, 0, 0, 0, 0, 0
2019-02-14 18:49:35, 0, 0, 0, 0, 0, 0, 0, 0, 0, 0, 0
2019-02-14 18:49:45, 0, 0, 0, 0, 0, 0, 0, 0, 0, 0, 0
2019-02-14 18:49:55, 0, 0, 0, 0, 0, 0, 0, 0, 0, 0, 0
2019-02-14 18:50:06, 0, 0, 0, 0, 0, 0, 0, 0, 0, 0, 0
2019-02-14 18:50:16, 0, 0, 0, 0, 0, 0, 0, 0, 0, 0, 0
2019-02-14 18:50:26, 0, 0, 0, 0, 0, 0, 0, 0, 0, 0, 0
2019-02-14 18:50:36, 0, 0, 0, 0, 0, 0, 0, 0, 0, 0, 0
2019-02-14 18:50:46, 0, 0, 0, 0, 0, 0, 0, 0, 0, 0, 0
2019-02-14 18:50:56, 6, 0, 0, 0, 1, 1, 1, 1, 1, 0, 1
2019-02-14 18:51:06, 8, 1, 1, 1, 0, 1, 1, 1, 1, 0, 1
2019-02-14 18:51:16, 1, 1, 0, 0, 0, 0, 0, 0, 0, 0, 0
2019-02-14 18:51:26, 0, 0, 0, 0, 0, 0, 0, 0, 0, 0, 0
2019-02-14 18:51:36, 0, 0, 0, 0, 0, 0, 0, 0, 0, 0, 0
2019-02-14 18:51:46, 0, 0, 0, 0, 0, 0, 0, 0, 0, 0, 0
2019-02-14 18:51:56, 0, 0, 0, 0, 0, 0, 0, 0, 0, 0, 0
2019-02-14 18:52:07, 0, 0, 0, 0, 0, 0, 0, 0, 0, 0, 0
2019-02-14 18:52:17, 0, 0, 0, 0, 0, 0, 0, 0, 0, 0, 0
2019-02-14 18:52:27, 0, 0, 0, 0, 0, 0, 0, 0, 0, 0, 0
2019-02-14 18:52:37, 0, 0, 0, 0, 0, 0, 0, 0, 0, 0, 0
2019-02-14 18:52:47, 0, 0, 0, 0, 0, 0, 0, 0, 0, 0, 0
2019-02-14 18:52:57, 5, 0, 0, 0, 0, 0, 1, 1, 1, 1, 1
2019-02-14 18:53:07, 10, 1, 1, 1, 1, 1, 1, 1, 1, 1, 1
2019-02-14 18:53:17, 2, 1, 1, 0, 0, 0, 0, 0, 0, 0, 0
2019-02-14 18:53:27, 7, 1, 1, 1, 1, 1, 0, 0, 0, 1, 1
2019-02-14 18:53:37, 10, 1, 1, 1, 1, 1, 1, 1, 1, 1, 1
2019-02-14 18:53:47, 10, 1, 1, 1, 1, 1, 1, 1, 1, 1, 1
2019-02-14 18:53:57, 10, 1, 1, 1, 1, 1, 1, 1, 1, 1, 1
2019-02-14 18:54:07, 9, 1, 1, 1, 1, 1, 0, 1, 1, 1, 1
2019-02-14 18:54:17, 4, 1, 1, 1, 0, 1, 0, 0, 0, 0, 0
2019-02-14 18:54:28, 6, 1, 1, 1, 1, 1, 0, 1, 0, 0, 0
2019-02-14 18:54:38, 0, 0, 0, 0, 0, 0, 0, 0, 0, 0, 0
2019-02-14 18:54:48, 0, 0, 0, 0, 0, 0, 0, 0, 0, 0, 0
2019-02-14 18:54:58, 9, 0, 1, 1, 1, 1, 1, 1, 1, 1, 1
2019-02-14 18:55:08, 10, 1, 1, 1, 1, 1, 1, 1, 1, 1, 1
2019-02-14 18:55:18, 8, 1, 0, 1, 1, 1, 1, 0, 1, 1, 1
2019-02-14 18:55:28, 4, 1, 0, 0, 0, 0, 1, 1, 1, 0, 0
2019-02-14 18:55:38, 2, 0, 0, 0, 0, 0, 0, 0, 0, 1, 1
2019-02-14 18:55:48, 9, 1, 1, 1, 1, 1, 0, 1, 1, 1, 1
2019-02-14 18:55:58, 6, 0, 1, 1, 0, 0, 1, 1, 1, 1, 0
2019-02-14 18:56:08, 0, 0, 0, 0, 0, 0, 0, 0, 0, 0, 0
2019-02-14 18:56:18, 0, 0, 0, 0, 0, 0, 0, 0, 0, 0, 0
2019-02-14 18:56:28, 0, 0, 0, 0, 0, 0, 0, 0, 0, 0, 0
2019-02-14 18:56:39, 2, 0, 0, 0, 0, 0, 0, 0, 0, 1, 1
2019-02-14 18:56:49, 1, 1, 0, 0, 0, 0, 0, 0, 0, 0, 0
2019-02-14 18:56:59, 2, 0, 0, 0, 0, 1, 1, 0, 0, 0, 0
2019-02-14 18:57:09, 2, 0, 0, 0, 0, 0, 0, 0, 1, 1, 0
2019-02-14 18:57:19, 0, 0, 0, 0, 0, 0, 0, 0, 0, 0, 0
2019-02-14 18:57:29, 4, 0, 0, 0, 0, 0, 0, 1, 1, 1, 1
2019-02-14 18:57:39, 4, 0, 1, 1, 0, 1, 1, 0, 0, 0, 0
2019-02-14 18:57:49, 0, 0, 0, 0, 0, 0, 0, 0, 0, 0, 0
2019-02-14 18:57:59, 0, 0, 0, 0, 0, 0, 0, 0, 0, 0, 0
2019-02-14 18:58:09, 0, 0, 0, 0, 0, 0, 0, 0, 0, 0, 0
2019-02-14 18:58:19, 0, 0, 0, 0, 0, 0, 0, 0, 0, 0, 0
2019-02-14 18:58:29, 3, 1, 0, 0, 1, 1, 0, 0, 0, 0, 0
2019-02-14 18:58:39, 2, 0, 0, 0, 0, 0, 0, 0, 0, 1, 1
2019-02-14 18:58:50, 2, 0, 1, 1, 0, 0, 0, 0, 0, 0, 0
2019-02-14 18:59:00, 0, 0, 0, 0, 0, 0, 0, 0, 0, 0, 0
2019-02-14 18:59:10, 0, 0, 0, 0, 0, 0, 0, 0, 0, 0, 0
2019-02-14 18:59:20, 1, 1, 0, 0, 0, 0, 0, 0, 0, 0, 0
2019-02-14 18:59:30, 5, 0, 1, 1, 0, 0, 1, 0, 1, 1, 0
2019-02-14 18:59:40, 6, 1, 1, 1, 1, 0, 0, 1, 0, 1, 0
2019-02-14 18:59:50, 4, 0, 1, 1, 1, 0, 0, 1, 0, 0, 0
2019-02-14 19:00:00, 0, 0, 0, 0, 0, 0, 0, 0, 0, 0, 0
2019-02-14 19:00:10, 3, 0, 0, 0, 0, 0, 0, 0, 1, 1, 1
2019-02-14 19:00:20, 0, 0, 0, 0, 0, 0, 0, 0, 0, 0, 0
2019-02-14 19:00:30, 1, 0, 0, 0, 0, 0, 0, 0, 0, 0, 1
2019-02-14 19:00:40, 3, 1, 0, 0, 0, 1, 1, 0, 0, 0, 0
2019-02-14 19:00:50, 6, 0, 1, 1, 0, 0, 1, 0, 1, 1, 1
2019-02-14 19:01:01, 5, 0, 1, 1, 1, 1, 0, 0, 0, 0, 1
2019-02-14 19:01:11, 1, 1, 0, 0, 0, 0, 0, 0, 0, 0, 0
2019-02-14 19:01:21, 2, 0, 0, 0, 0, 0, 0, 0, 0, 1, 1
2019-02-14 19:01:31, 2, 0, 0, 0, 0, 0, 0, 0, 0, 1, 1
2019-02-14 19:01:41, 0, 0, 0, 0, 0, 0, 0, 0, 0, 0, 0
2019-02-14 19:01:51, 4, 0, 0, 0, 0, 0, 1, 1, 1, 1, 0
2019-02-14 19:02:01, 0, 0, 0, 0, 0, 0, 0, 0, 0, 0, 0
2019-02-14 19:02:11, 0, 0, 0, 0, 0, 0, 0, 0, 0, 0, 0
2019-02-14 19:02:21, 0, 0, 0, 0, 0, 0, 0, 0, 0, 0, 0
2019-02-14 19:02:31, 0, 0, 0, 0, 0, 0, 0, 0, 0, 0, 0
2019-02-14 19:02:41, 0, 0, 0, 0, 0, 0, 0, 0, 0, 0, 0
2019-02-14 19:02:51, 0, 0, 0, 0, 0, 0, 0, 0, 0, 0, 0
2019-02-14 19:03:01, 0, 0, 0, 0, 0, 0, 0, 0, 0, 0, 0
2019-02-14 19:03:11, 0, 0, 0, 0, 0, 0, 0, 0, 0, 0, 0
2019-02-14 19:03:21, 0, 0, 0, 0, 0, 0, 0, 0, 0, 0, 0
2019-02-14 19:03:32, 0, 0, 0, 0, 0, 0, 0, 0, 0, 0, 0
2019-02-14 19:03:42, 0, 0, 0, 0, 0, 0, 0, 0, 0, 0, 0
2019-02-14 19:03:52, 1, 0, 0, 0, 1, 0, 0, 0, 0, 0, 0
2019-02-14 19:04:02, 0, 0, 0, 0, 0, 0, 0, 0, 0, 0, 0
2019-02-14 19:04:12, 2, 0, 0, 0, 0, 0, 0, 0, 0, 1, 1
2019-02-14 19:04:22, 2, 0, 0, 0, 0, 0, 0, 0, 0, 1, 1
2019-02-14 19:04:32, 10, 1, 1, 1, 1, 1, 1, 1, 1, 1, 1
2019-02-14 19:04:42, 9, 1, 1, 1, 1, 1, 0, 1, 1, 1, 1
2019-02-14 19:04:52, 10, 1, 1, 1, 1, 1, 1, 1, 1, 1, 1
2019-02-14 19:05:02, 9, 1, 1, 1, 1, 1, 0, 1, 1, 1, 1
2019-02-14 19:05:12, 10, 1, 1, 1, 1, 1, 1, 1, 1, 1, 1
2019-02-14 19:05:22, 10, 1, 1, 1, 1, 1, 1, 1, 1, 1, 1
2019-02-14 19:05:32, 10, 1, 1, 1, 1, 1, 1, 1, 1, 1, 1
2019-02-14 19:05:42, 10, 1, 1, 1, 1, 1, 1, 1, 1, 1, 1
2019-02-14 19:05:52, 10, 1, 1, 1, 1, 1, 1, 1, 1, 1, 1
2019-02-14 19:06:03, 10, 1, 1, 1, 1, 1, 1, 1, 1, 1, 1
2019-02-14 19:06:13, 9, 1, 1, 1, 0, 1, 1, 1, 1, 1, 1
2019-02-14 19:06:23, 10, 1, 1, 1, 1, 1, 1, 1, 1, 1, 1
2019-02-14 19:06:33, 9, 1, 1, 1, 1, 1, 1, 1, 0, 1, 1
2019-02-14 19:06:43, 7, 0, 1, 0, 0, 1, 1, 1, 1, 1, 1
2019-02-14 19:06:53, 10, 1, 1, 1, 1, 1, 1, 1, 1, 1, 1
2019-02-14 19:07:03, 9, 0, 1, 1, 1, 1, 1, 1, 1, 1, 1
2019-02-14 19:07:13, 10, 1, 1, 1, 1, 1, 1, 1, 1, 1, 1
2019-02-14 19:07:23, 10, 1, 1, 1, 1, 1, 1, 1, 1, 1, 1
2019-02-14 19:07:33, 10, 1, 1, 1, 1, 1, 1, 1, 1, 1, 1
2019-02-14 19:07:43, 10, 1, 1, 1, 1, 1, 1, 1, 1, 1, 1
2019-02-14 19:07:53, 9, 0, 1, 1, 1, 1, 1, 1, 1, 1, 1
2019-02-14 19:08:03, 10, 1, 1, 1, 1, 1, 1, 1, 1, 1, 1
2019-02-14 19:08:14, 10, 1, 1, 1, 1, 1, 1, 1, 1, 1, 1
2019-02-14 19:08:24, 10, 1, 1, 1, 1, 1, 1, 1, 1, 1, 1
2019-02-14 19:08:34, 10, 1, 1, 1, 1, 1, 1, 1, 1, 1, 1
2019-02-14 19:08:44, 10, 1, 1, 1, 1, 1, 1, 1, 1, 1, 1
2019-02-14 19:08:54, 7, 1, 1, 1, 1, 0, 0, 1, 1, 1, 0
2019-02-14 19:09:04, 3, 0, 0, 0, 1, 1, 1, 0, 0, 0, 0
2019-02-14 19:09:14, 1, 0, 0, 0, 0, 0, 0, 0, 0, 0, 1
2019-02-14 19:09:24, 1, 1, 0, 0, 0, 0, 0, 0, 0, 0, 0
2019-02-14 19:09:34, 0, 0, 0, 0, 0, 0, 0, 0, 0, 0, 0
2019-02-14 19:09:44, 0, 0, 0, 0, 0, 0, 0, 0, 0, 0, 0
2019-02-14 19:09:54, 2, 0, 0, 1, 1, 0, 0, 0, 0, 0, 0
2019-02-14 19:10:04, 0, 0, 0, 0, 0, 0, 0, 0, 0, 0, 0
2019-02-14 19:10:15, 0, 0, 0, 0, 0, 0, 0, 0, 0, 0, 0
2019-02-14 19:10:25, 0, 0, 0, 0, 0, 0, 0, 0, 0, 0, 0
2019-02-14 19:10:35, 0, 0, 0, 0, 0, 0, 0, 0, 0, 0, 0
2019-02-14 19:10:45, 3, 0, 0, 0, 0, 0, 0, 0, 1, 1, 1
2019-02-14 19:10:55, 5, 0, 1, 1, 0, 0, 0, 0, 1, 1, 1
2019-02-14 19:11:05, 6, 1, 0, 0, 0, 1, 1, 1, 1, 1, 0
2019-02-14 19:11:15, 2, 0, 1, 1, 0, 0, 0, 0, 0, 0, 0
2019-02-14 19:11:25, 2, 0, 0, 1, 0, 1, 0, 0, 0, 0, 0
2019-02-14 19:11:35, 0, 0, 0, 0, 0, 0, 0, 0, 0, 0, 0
2019-02-14 19:11:45, 0, 0, 0, 0, 0, 0, 0, 0, 0, 0, 0
2019-02-14 19:11:55, 0, 0, 0, 0, 0, 0, 0, 0, 0, 0, 0
2019-02-14 19:12:05, 1, 0, 0, 0, 0, 0, 1, 0, 0, 0, 0
2019-02-14 19:12:15, 2, 0, 0, 0, 0, 0, 0, 0, 0, 1, 1
2019-02-14 19:12:26, 0, 0, 0, 0, 0, 0, 0, 0, 0, 0, 0
2019-02-14 19:12:36, 2, 0, 0, 0, 0, 0, 1, 1, 0, 0, 0
2019-02-14 19:12:46, 2, 0, 0, 0, 1, 1, 0, 0, 0, 0, 0
2019-02-14 19:12:56, 0, 0, 0, 0, 0, 0, 0, 0, 0, 0, 0
2019-02-14 19:13:06, 0, 0, 0, 0, 0, 0, 0, 0, 0, 0, 0
2019-02-14 19:13:16, 0, 0, 0, 0, 0, 0, 0, 0, 0, 0, 0
2019-02-14 19:13:26, 0, 0, 0, 0, 0, 0, 0, 0, 0, 0, 0
2019-02-14 19:13:36, 0, 0, 0, 0, 0, 0, 0, 0, 0, 0, 0
2019-02-14 19:13:46, 1, 0, 1, 0, 0, 0, 0, 0, 0, 0, 0
2019-02-14 19:13:56, 0, 0, 0, 0, 0, 0, 0, 0, 0, 0, 0
2019-02-14 19:14:06, 2, 0, 0, 0, 0, 0, 0, 0, 1, 0, 1
2019-02-14 19:14:16, 1, 1, 0, 0, 0, 0, 0, 0, 0, 0, 0
2019-02-14 19:14:26, 3, 0, 0, 1, 1, 0, 1, 0, 0, 0, 0
2019-02-14 19:14:37, 1, 0, 0, 0, 0, 0, 0, 1, 0, 0, 0
2019-02-14 19:14:47, 7, 1, 1, 1, 0, 1, 1, 1, 1, 0, 0
2019-02-14 19:14:57, 9, 0, 1, 1, 1, 1, 1, 1, 1, 1, 1
2019-02-14 19:15:07, 7, 0, 1, 1, 1, 1, 0, 0, 1, 1, 1
2019-02-14 19:15:17, 5, 0, 0, 0, 0, 1, 1, 1, 1, 1, 0
2019-02-14 19:15:27, 2, 1, 1, 0, 0, 0, 0, 0, 0, 0, 0
2019-02-14 19:15:37, 6, 1, 1, 1, 1, 0, 0, 0, 0, 1, 1
2019-02-14 19:15:47, 4, 1, 0, 0, 0, 0, 0, 0, 1, 1, 1
2019-02-14 19:15:57, 6, 0, 0, 0, 1, 1, 1, 1, 1, 0, 1
2019-02-14 19:16:07, 6, 1, 1, 1, 0, 1, 1, 1, 0, 0, 0
2019-02-14 19:16:17, 7, 1, 1, 1, 1, 0, 0, 1, 1, 1, 0
2019-02-14 19:16:27, 5, 1, 1, 0, 0, 0, 1, 1, 1, 0, 0
2019-02-14 19:16:37, 7, 0, 0, 1, 1, 1, 1, 1, 0, 1, 1
2019-02-14 19:16:47, 1, 0, 0, 0, 0, 0, 0, 0, 0, 0, 1
2019-02-14 19:16:57, 4, 1, 0, 1, 1, 0, 0, 0, 0, 0, 1
2019-02-14 19:17:08, 5, 0, 1, 0, 1, 1, 1, 0, 0, 0, 1
2019-02-14 19:17:18, 9, 1, 0, 1, 1, 1, 1, 1, 1, 1, 1
2019-02-14 19:17:28, 7, 1, 0, 1, 1, 1, 1, 0, 0, 1, 1
2019-02-14 19:17:38, 4, 0, 0, 0, 0, 0, 1, 0, 1, 1, 1
2019-02-14 19:17:48, 7, 1, 1, 1, 1, 0, 1, 1, 1, 0, 0
2019-02-14 19:17:58, 7, 1, 1, 1, 0, 0, 0, 1, 1, 1, 1
2019-02-14 19:18:08, 8, 1, 1, 1, 1, 1, 0, 0, 1, 1, 1
2019-02-14 19:18:18, 7, 1, 0, 1, 1, 1, 1, 0, 1, 1, 0
2019-02-14 19:18:28, 8, 0, 0, 1, 1, 1, 1, 1, 1, 1, 1
2019-02-14 19:18:38, 8, 1, 1, 0, 1, 1, 1, 1, 0, 1, 1
2019-02-14 19:18:48, 6, 1, 1, 1, 0, 0, 0, 0, 1, 1, 1
2019-02-14 19:18:58, 7, 1, 1, 1, 1, 1, 1, 1, 0, 0, 0
2019-02-14 19:19:08, 2, 0, 0, 0, 0, 1, 0, 0, 0, 0, 1
2019-02-14 19:19:18, 1, 1, 0, 0, 0, 0, 0, 0, 0, 0, 0
2019-02-14 19:19:29, 1, 0, 0, 0, 0, 0, 1, 0, 0, 0, 0
2019-02-14 19:19:39, 2, 0, 0, 0, 0, 0, 0, 1, 0, 0, 1
2019-02-14 19:19:49, 1, 1, 0, 0, 0, 0, 0, 0, 0, 0, 0
2019-02-14 19:19:59, 2, 1, 0, 0, 0, 0, 0, 0, 0, 1, 0
2019-02-14 19:20:09, 0, 0, 0, 0, 0, 0, 0, 0, 0, 0, 0
2019-02-14 19:20:19, 2, 0, 0, 0, 0, 0, 1, 1, 0, 0, 0
2019-02-14 19:20:29, 0, 0, 0, 0, 0, 0, 0, 0, 0, 0, 0
2019-02-14 19:20:39, 0, 0, 0, 0, 0, 0, 0, 0, 0, 0, 0
2019-02-14 19:20:49, 0, 0, 0, 0, 0, 0, 0, 0, 0, 0, 0
2019-02-14 19:20:59, 0, 0, 0, 0, 0, 0, 0, 0, 0, 0, 0
2019-02-14 19:21:09, 0, 0, 0, 0, 0, 0, 0, 0, 0, 0, 0
2019-02-14 19:21:19, 0, 0, 0, 0, 0, 0, 0, 0, 0, 0, 0
2019-02-14 19:21:29, 1, 0, 0, 1, 0, 0, 0, 0, 0, 0, 0
2019-02-14 19:21:39, 0, 0, 0, 0, 0, 0, 0, 0, 0, 0, 0
2019-02-14 19:21:50, 0, 0, 0, 0, 0, 0, 0, 0, 0, 0, 0
2019-02-14 19:22:00, 0, 0, 0, 0, 0, 0, 0, 0, 0, 0, 0
2019-02-14 19:22:10, 1, 0, 0, 0, 1, 0, 0, 0, 0, 0, 0
2019-02-14 19:22:20, 0, 0, 0, 0, 0, 0, 0, 0, 0, 0, 0
2019-02-14 19:22:30, 0, 0, 0, 0, 0, 0, 0, 0, 0, 0, 0
2019-02-14 19:22:40, 0, 0, 0, 0, 0, 0, 0, 0, 0, 0, 0
2019-02-14 19:22:50, 2, 0, 0, 0, 1, 1, 0, 0, 0, 0, 0
2019-02-14 19:23:00, 0, 0, 0, 0, 0, 0, 0, 0, 0, 0, 0
2019-02-14 19:23:10, 3, 0, 0, 0, 0, 1, 1, 1, 0, 0, 0
2019-02-14 19:23:20, 2, 0, 0, 0, 1, 1, 0, 0, 0, 0, 0
2019-02-14 19:23:30, 0, 0, 0, 0, 0, 0, 0, 0, 0, 0, 0
2019-02-14 19:23:40, 0, 0, 0, 0, 0, 0, 0, 0, 0, 0, 0
2019-02-14 19:23:50, 0, 0, 0, 0, 0, 0, 0, 0, 0, 0, 0
2019-02-14 19:24:00, 0, 0, 0, 0, 0, 0, 0, 0, 0, 0, 0
2019-02-14 19:24:11, 0, 0, 0, 0, 0, 0, 0, 0, 0, 0, 0
2019-02-14 19:24:21, 0, 0, 0, 0, 0, 0, 0, 0, 0, 0, 0
2019-02-14 19:24:31, 0, 0, 0, 0, 0, 0, 0, 0, 0, 0, 0
2019-02-14 19:24:41, 0, 0, 0, 0, 0, 0, 0, 0, 0, 0, 0
2019-02-14 19:24:51, 0, 0, 0, 0, 0, 0, 0, 0, 0, 0, 0
2019-02-14 19:25:01, 0, 0, 0, 0, 0, 0, 0, 0, 0, 0, 0
2019-02-14 19:25:11, 0, 0, 0, 0, 0, 0, 0, 0, 0, 0, 0
2019-02-14 19:25:21, 0, 0, 0, 0, 0, 0, 0, 0, 0, 0, 0
2019-02-14 19:25:31, 0, 0, 0, 0, 0, 0, 0, 0, 0, 0, 0
2019-02-14 19:25:41, 0, 0, 0, 0, 0, 0, 0, 0, 0, 0, 0
2019-02-14 19:25:51, 0, 0, 0, 0, 0, 0, 0, 0, 0, 0, 0
2019-02-14 19:26:01, 0, 0, 0, 0, 0, 0, 0, 0, 0, 0, 0
2019-02-14 18:30:48, 0, 0, 0, 0, 0, 0, 0, 0, 0, 0, 0
2019-02-14 18:30:58, 0, 0, 0, 0, 0, 0, 0, 0, 0, 0, 0
2019-02-14 18:31:08, 0, 0, 0, 0, 0, 0, 0, 0, 0, 0, 0
2019-02-14 18:31:19, 0, 0, 0, 0, 0, 0, 0, 0, 0, 0, 0
2019-02-14 18:31:29, 0, 0, 0, 0, 0, 0, 0, 0, 0, 0, 0
2019-02-14 18:31:39, 0, 0, 0, 0, 0, 0, 0, 0, 0, 0, 0
2019-02-14 18:31:49, 0, 0, 0, 0, 0, 0, 0, 0, 0, 0, 0
2019-02-14 18:31:59, 2, 0, 0, 0, 0, 0, 1, 1, 0, 0, 0
2019-02-14 18:32:09, 0, 0, 0, 0, 0, 0, 0, 0, 0, 0, 0
2019-02-14 18:32:19, 0, 0, 0, 0, 0, 0, 0, 0, 0, 0, 0
2019-02-14 18:32:29, 0, 0, 0, 0, 0, 0, 0, 0, 0, 0, 0
2019-02-14 18:32:39, 0, 0, 0, 0, 0, 0, 0, 0, 0, 0, 0
2019-02-14 18:32:49, 0, 0, 0, 0, 0, 0, 0, 0, 0, 0, 0
2019-02-14 18:32:59, 0, 0, 0, 0, 0, 0, 0, 0, 0, 0, 0
2019-02-14 18:33:09, 0, 0, 0, 0, 0, 0, 0, 0, 0, 0, 0
2019-02-14 18:33:19, 0, 0, 0, 0, 0, 0, 0, 0, 0, 0, 0
2019-02-14 18:33:29, 0, 0, 0, 0, 0, 0, 0, 0, 0, 0, 0
2019-02-14 18:33:40, 0, 0, 0, 0, 0, 0, 0, 0, 0, 0, 0
2019-02-14 18:33:50, 0, 0, 0, 0, 0, 0, 0, 0, 0, 0, 0
2019-02-14 18:34:00, 0, 0, 0, 0, 0, 0, 0, 0, 0, 0, 0
2019-02-14 18:34:10, 0, 0, 0, 0, 0, 0, 0, 0, 0, 0, 0
2019-02-14 18:34:20, 0, 0, 0, 0, 0, 0, 0, 0, 0, 0, 0
2019-02-14 18:34:30, 0, 0, 0, 0, 0, 0, 0, 0, 0, 0, 0
2019-02-14 18:34:40, 0, 0, 0, 0, 0, 0, 0, 0, 0, 0, 0
2019-02-14 18:34:50, 0, 0, 0, 0, 0, 0, 0, 0, 0, 0, 0
2019-02-14 18:35:00, 0, 0, 0, 0, 0, 0, 0, 0, 0, 0, 0
2019-02-14 18:35:10, 0, 0, 0, 0, 0, 0, 0, 0, 0, 0, 0
2019-02-14 18:35:20, 0, 0, 0, 0, 0, 0, 0, 0, 0, 0, 0
2019-02-14 18:35:31, 0, 0, 0, 0, 0, 0, 0, 0, 0, 0, 0
2019-02-14 18:35:41, 0, 0, 0, 0, 0, 0, 0, 0, 0, 0, 0
2019-02-14 18:35:51, 0, 0, 0, 0, 0, 0, 0, 0, 0, 0, 0
2019-02-14 18:36:01, 0, 0, 0, 0, 0, 0, 0, 0, 0, 0, 0
2019-02-14 18:36:11, 0, 0, 0, 0, 0, 0, 0, 0, 0, 0, 0
2019-02-14 18:36:21, 0, 0, 0, 0, 0, 0, 0, 0, 0, 0, 0
2019-02-14 18:36:31, 2, 0, 0, 1, 1, 0, 0, 0, 0, 0, 0
2019-02-14 18:36:41, 0, 0, 0, 0, 0, 0, 0, 0, 0, 0, 0
2019-02-14 18:36:51, 0, 0, 0, 0, 0, 0, 0, 0, 0, 0, 0
2019-02-14 18:37:01, 0, 0, 0, 0, 0, 0, 0, 0, 0, 0, 0
2019-02-14 18:37:11, 0, 0, 0, 0, 0, 0, 0, 0, 0, 0, 0
2019-02-14 18:37:21, 0, 0, 0, 0, 0, 0, 0, 0, 0, 0, 0
2019-02-14 18:37:31, 0, 0, 0, 0, 0, 0, 0, 0, 0, 0, 0
2019-02-14 18:37:42, 0, 0, 0, 0, 0, 0, 0, 0, 0, 0, 0
2019-02-14 18:37:52, 0, 0, 0, 0, 0, 0, 0, 0, 0, 0, 0
2019-02-14 18:38:02, 0, 0, 0, 0, 0, 0, 0, 0, 0, 0, 0
2019-02-14 18:38:12, 0, 0, 0, 0, 0, 0, 0, 0, 0, 0, 0
2019-02-14 18:38:22, 0, 0, 0, 0, 0, 0, 0, 0, 0, 0, 0
2019-02-14 18:38:32, 0, 0, 0, 0, 0, 0, 0, 0, 0, 0, 0
2019-02-14 18:38:42, 0, 0, 0, 0, 0, 0, 0, 0, 0, 0, 0
2019-02-14 18:38:52, 8, 1, 1, 1, 1, 1, 1, 0, 0, 1, 1
2019-02-14 18:39:02, 1, 1, 0, 0, 0, 0, 0, 0, 0, 0, 0
2019-02-14 18:39:12, 0, 0, 0, 0, 0, 0, 0, 0, 0, 0, 0
2019-02-14 18:39:22, 0, 0, 0, 0, 0, 0, 0, 0, 0, 0, 0
2019-02-14 18:39:32, 0, 0, 0, 0, 0, 0, 0, 0, 0, 0, 0
2019-02-14 18:39:42, 0, 0, 0, 0, 0, 0, 0, 0, 0, 0, 0
2019-02-14 18:39:53, 6, 0, 0, 0, 1, 0, 1, 1, 1, 1, 1
2019-02-14 18:40:03, 3, 1, 1, 1, 0, 0, 0, 0, 0, 0, 0
2019-02-14 18:40:13, 0, 0, 0, 0, 0, 0, 0, 0, 0, 0, 0
2019-02-14 18:40:23, 0, 0, 0, 0, 0, 0, 0, 0, 0, 0, 0
2019-02-14 18:40:33, 0, 0, 0, 0, 0, 0, 0, 0, 0, 0, 0
2019-02-14 18:40:43, 0, 0, 0, 0, 0, 0, 0, 0, 0, 0, 0
2019-02-14 18:40:53, 0, 0, 0, 0, 0, 0, 0, 0, 0, 0, 0
2019-02-14 18:41:03, 0, 0, 0, 0, 0, 0, 0, 0, 0, 0, 0
2019-02-14 18:41:13, 0, 0, 0, 0, 0, 0, 0, 0, 0, 0, 0
2019-02-14 18:41:23, 0, 0, 0, 0, 0, 0, 0, 0, 0, 0, 0
2019-02-14 18:41:33, 0, 0, 0, 0, 0, 0, 0, 0, 0, 0, 0
2019-02-14 18:41:43, 0, 0, 0, 0, 0, 0, 0, 0, 0, 0, 0
2019-02-14 18:41:54, 0, 0, 0, 0, 0, 0, 0, 0, 0, 0, 0
2019-02-14 18:42:04, 0, 0, 0, 0, 0, 0, 0, 0, 0, 0, 0
2019-02-14 18:42:14, 0, 0, 0, 0, 0, 0, 0, 0, 0, 0, 0
2019-02-14 18:42:24, 0, 0, 0, 0, 0, 0, 0, 0, 0, 0, 0
2019-02-14 18:42:34, 0, 0, 0, 0, 0, 0, 0, 0, 0, 0, 0
2019-02-14 18:42:44, 0, 0, 0, 0, 0, 0, 0, 0, 0, 0, 0
2019-02-14 18:12:59, 0, 0, 0, 0, 0, 0, 0, 0, 0, 0, 0
2019-02-14 18:13:09, 0, 0, 0, 0, 0, 0, 0, 0, 0, 0, 0
2019-02-14 18:13:19, 0, 0, 0, 0, 0, 0, 0, 0, 0, 0, 0
2019-02-14 18:13:30, 0, 0, 0, 0, 0, 0, 0, 0, 0, 0, 0
2019-02-14 18:13:40, 0, 0, 0, 0, 0, 0, 0, 0, 0, 0, 0
2019-02-14 18:13:50, 0, 0, 0, 0, 0, 0, 0, 0, 0, 0, 0
2019-02-14 18:14:00, 0, 0, 0, 0, 0, 0, 0, 0, 0, 0, 0
2019-02-14 18:14:10, 0, 0, 0, 0, 0, 0, 0, 0, 0, 0, 0
2019-02-14 18:14:20, 0, 0, 0, 0, 0, 0, 0, 0, 0, 0, 0
2019-02-14 18:14:30, 0, 0, 0, 0, 0, 0, 0, 0, 0, 0, 0
2019-02-14 18:14:40, 0, 0, 0, 0, 0, 0, 0, 0, 0, 0, 0
2019-02-14 18:14:50, 0, 0, 0, 0, 0, 0, 0, 0, 0, 0, 0
2019-02-14 18:15:00, 0, 0, 0, 0, 0, 0, 0, 0, 0, 0, 0
2019-02-14 18:15:10, 0, 0, 0, 0, 0, 0, 0, 0, 0, 0, 0
2019-02-14 18:15:20, 0, 0, 0, 0, 0, 0, 0, 0, 0, 0, 0
2019-02-14 18:15:30, 0, 0, 0, 0, 0, 0, 0, 0, 0, 0, 0
2019-02-14 18:15:40, 0, 0, 0, 0, 0, 0, 0, 0, 0, 0, 0
2019-02-14 18:15:51, 0, 0, 0, 0, 0, 0, 0, 0, 0, 0, 0
2019-02-14 18:16:01, 2, 0, 0, 0, 0, 0, 0, 0, 1, 1, 0
2019-02-14 18:16:11, 2, 1, 1, 0, 0, 0, 0, 0, 0, 0, 0
2019-02-14 18:16:21, 0, 0, 0, 0, 0, 0, 0, 0, 0, 0, 0
2019-02-14 18:16:31, 0, 0, 0, 0, 0, 0, 0, 0, 0, 0, 0
2019-02-14 18:16:41, 0, 0, 0, 0, 0, 0, 0, 0, 0, 0, 0
2019-02-14 18:16:51, 0, 0, 0, 0, 0, 0, 0, 0, 0, 0, 0
2019-02-14 18:17:01, 0, 0, 0, 0, 0, 0, 0, 0, 0, 0, 0
2019-02-14 18:17:11, 0, 0, 0, 0, 0, 0, 0, 0, 0, 0, 0
2019-02-14 18:17:21, 0, 0, 0, 0, 0, 0, 0, 0, 0, 0, 0
2019-02-14 18:17:31, 0, 0, 0, 0, 0, 0, 0, 0, 0, 0, 0
2019-02-14 18:17:42, 0, 0, 0, 0, 0, 0, 0, 0, 0, 0, 0
2019-02-14 18:17:52, 0, 0, 0, 0, 0, 0, 0, 0, 0, 0, 0
2019-02-14 18:18:02, 0, 0, 0, 0, 0, 0, 0, 0, 0, 0, 0
2019-02-14 18:18:12, 0, 0, 0, 0, 0, 0, 0, 0, 0, 0, 0
2019-02-14 18:18:22, 0, 0, 0, 0, 0, 0, 0, 0, 0, 0, 0
2019-02-14 18:18:32, 0, 0, 0, 0, 0, 0, 0, 0, 0, 0, 0
2019-02-14 18:18:42, 0, 0, 0, 0, 0, 0, 0, 0, 0, 0, 0
2019-02-14 18:18:52, 0, 0, 0, 0, 0, 0, 0, 0, 0, 0, 0
2019-02-14 18:19:02, 0, 0, 0, 0, 0, 0, 0, 0, 0, 0, 0
2019-02-14 18:19:12, 0, 0, 0, 0, 0, 0, 0, 0, 0, 0, 0
2019-02-14 18:19:22, 0, 0, 0, 0, 0, 0, 0, 0, 0, 0, 0
2019-02-14 18:19:32, 3, 0, 0, 0, 0, 0, 1, 1, 0, 0, 1
2019-02-14 18:19:43, 1, 1, 0, 0, 0, 0, 0, 0, 0, 0, 0
2019-02-14 18:19:53, 0, 0, 0, 0, 0, 0, 0, 0, 0, 0, 0
2019-02-14 18:20:03, 0, 0, 0, 0, 0, 0, 0, 0, 0, 0, 0
2019-02-14 18:20:13, 0, 0, 0, 0, 0, 0, 0, 0, 0, 0, 0
2019-02-14 18:20:23, 0, 0, 0, 0, 0, 0, 0, 0, 0, 0, 0
2019-02-14 18:20:33, 0, 0, 0, 0, 0, 0, 0, 0, 0, 0, 0
2019-02-14 18:20:43, 0, 0, 0, 0, 0, 0, 0, 0, 0, 0, 0
2019-02-14 18:20:53, 1, 0, 0, 0, 0, 0, 0, 0, 0, 0, 1
2019-02-14 18:21:03, 6, 1, 1, 1, 1, 1, 1, 0, 0, 0, 0
2019-02-14 18:21:13, 0, 0, 0, 0, 0, 0, 0, 0, 0, 0, 0
2019-02-14 18:21:23, 0, 0, 0, 0, 0, 0, 0, 0, 0, 0, 0
2019-02-14 18:21:33, 0, 0, 0, 0, 0, 0, 0, 0, 0, 0, 0
2019-02-14 18:21:44, 0, 0, 0, 0, 0, 0, 0, 0, 0, 0, 0
2019-02-14 18:21:54, 0, 0, 0, 0, 0, 0, 0, 0, 0, 0, 0
2019-02-14 18:22:04, 0, 0, 0, 0, 0, 0, 0, 0, 0, 0, 0
2019-02-14 18:22:14, 0, 0, 0, 0, 0, 0, 0, 0, 0, 0, 0
2019-02-14 18:22:24, 0, 0, 0, 0, 0, 0, 0, 0, 0, 0, 0
2019-02-14 18:22:34, 0, 0, 0, 0, 0, 0, 0, 0, 0, 0, 0
2019-02-14 18:22:44, 0, 0, 0, 0, 0, 0, 0, 0, 0, 0, 0
2019-02-14 18:22:54, 0, 0, 0, 0, 0, 0, 0, 0, 0, 0, 0
2019-02-14 18:23:04, 0, 0, 0, 0, 0, 0, 0, 0, 0, 0, 0
2019-02-14 18:23:14, 0, 0, 0, 0, 0, 0, 0, 0, 0, 0, 0
2019-02-14 18:23:24, 0, 0, 0, 0, 0, 0, 0, 0, 0, 0, 0
2019-02-14 18:23:34, 0, 0, 0, 0, 0, 0, 0, 0, 0, 0, 0
2019-02-14 18:23:45, 0, 0, 0, 0, 0, 0, 0, 0, 0, 0, 0
2019-02-14 18:23:55, 0, 0, 0, 0, 0, 0, 0, 0, 0, 0, 0
2019-02-14 18:24:05, 0, 0, 0, 0, 0, 0, 0, 0, 0, 0, 0
2019-02-14 18:24:15, 0, 0, 0, 0, 0, 0, 0, 0, 0, 0, 0
2019-02-14 18:24:25, 0, 0, 0, 0, 0, 0, 0, 0, 0, 0, 0
2019-02-14 18:24:35, 0, 0, 0, 0, 0, 0, 0, 0, 0, 0, 0
2019-02-14 18:24:45, 0, 0, 0, 0, 0, 0, 0, 0, 0, 0, 0
2019-02-14 18:24:55, 0, 0, 0, 0, 0, 0, 0, 0, 0, 0, 0
2019-02-14 18:25:05, 0, 0, 0, 0, 0, 0, 0, 0, 0, 0, 0
2019-02-14 18:25:15, 0, 0, 0, 0, 0, 0, 0, 0, 0, 0, 0
2019-02-14 18:25:25, 0, 0, 0, 0, 0, 0, 0, 0, 0, 0, 0
2019-02-14 18:25:35, 0, 0, 0, 0, 0, 0, 0, 0, 0, 0, 0
2019-02-14 18:25:45, 0, 0, 0, 0, 0, 0, 0, 0, 0, 0, 0
2019-02-14 18:25:56, 0, 0, 0, 0, 0, 0, 0, 0, 0, 0, 0
2019-02-14 18:26:06, 0, 0, 0, 0, 0, 0, 0, 0, 0, 0, 0
2019-02-14 18:26:16, 0, 0, 0, 0, 0, 0, 0, 0, 0, 0, 0
2019-02-14 18:26:26, 0, 0, 0, 0, 0, 0, 0, 0, 0, 0, 0
2019-02-14 18:26:36, 0, 0, 0, 0, 0, 0, 0, 0, 0, 0, 0
2019-02-14 18:26:46, 0, 0, 0, 0, 0, 0, 0, 0, 0, 0, 0
2019-02-14 18:26:56, 0, 0, 0, 0, 0, 0, 0, 0, 0, 0, 0
2019-02-14 18:27:06, 0, 0, 0, 0, 0, 0, 0, 0, 0, 0, 0
2019-02-14 18:27:16, 0, 0, 0, 0, 0, 0, 0, 0, 0, 0, 0
2019-02-14 18:27:26, 0, 0, 0, 0, 0, 0, 0, 0, 0, 0, 0
2019-02-14 18:27:36, 1, 0, 0, 0, 0, 1, 0, 0, 0, 0, 0
2019-02-14 18:27:46, 0, 0, 0, 0, 0, 0, 0, 0, 0, 0, 0
2019-02-14 18:27:56, 0, 0, 0, 0, 0, 0, 0, 0, 0, 0, 0
2019-02-14 18:28:07, 0, 0, 0, 0, 0, 0, 0, 0, 0, 0, 0
2019-02-14 18:28:17, 0, 0, 0, 0, 0, 0, 0, 0, 0, 0, 0
2019-02-14 18:28:27, 0, 0, 0, 0, 0, 0, 0, 0, 0, 0, 0
2019-02-14 18:28:37, 0, 0, 0, 0, 0, 0, 0, 0, 0, 0, 0
2019-02-14 18:28:47, 0, 0, 0, 0, 0, 0, 0, 0, 0, 0, 0
2019-02-14 18:28:57, 0, 0, 0, 0, 0, 0, 0, 0, 0, 0, 0
2019-02-14 18:29:07, 0, 0, 0, 0, 0, 0, 0, 0, 0, 0, 0
2019-02-14 18:29:17, 0, 0, 0, 0, 0, 0, 0, 0, 0, 0, 0
2019-02-14 18:29:27, 0, 0, 0, 0, 0, 0, 0, 0, 0, 0, 0
2019-02-14 18:29:37, 0, 0, 0, 0, 0, 0, 0, 0, 0, 0, 0
2019-02-14 18:29:47, 0, 0, 0, 0, 0, 0, 0, 0, 0, 0, 0
2019-02-14 18:29:58, 0, 0, 0, 0, 0, 0, 0, 0, 0, 0, 0
2019-02-14 18:30:08, 0, 0, 0, 0, 0, 0, 0, 0, 0, 0, 0
2019-02-14 18:30:18, 0, 0, 0, 0, 0, 0, 0, 0, 0, 0, 0
2019-02-14 18:30:28, 0, 0, 0, 0, 0, 0, 0, 0, 0, 0, 0
2019-02-14 18:30:38, 0, 0, 0, 0, 0, 0, 0, 0, 0, 0, 0
2019-02-14 18:30:48, 0, 0, 0, 0, 0, 0, 0, 0, 0, 0, 0
2019-02-14 18:30:58, 0, 0, 0, 0, 0, 0, 0, 0, 0, 0, 0
2019-02-14 18:31:08, 0, 0, 0, 0, 0, 0, 0, 0, 0, 0, 0
2019-02-14 18:31:18, 0, 0, 0, 0, 0, 0, 0, 0, 0, 0, 0
2019-02-14 18:31:28, 0, 0, 0, 0, 0, 0, 0, 0, 0, 0, 0
2019-02-14 18:31:38, 0, 0, 0, 0, 0, 0, 0, 0, 0, 0, 0
2019-02-14 18:31:48, 0, 0, 0, 0, 0, 0, 0, 0, 0, 0, 0
2019-02-14 18:31:58, 0, 0, 0, 0, 0, 0, 0, 0, 0, 0, 0
2019-02-14 18:32:09, 0, 0, 0, 0, 0, 0, 0, 0, 0, 0, 0
2019-02-14 18:32:19, 0, 0, 0, 0, 0, 0, 0, 0, 0, 0, 0
2019-02-14 18:32:29, 0, 0, 0, 0, 0, 0, 0, 0, 0, 0, 0
2019-02-14 18:32:39, 0, 0, 0, 0, 0, 0, 0, 0, 0, 0, 0
2019-02-14 18:32:49, 3, 0, 0, 1, 1, 1, 0, 0, 0, 0, 0
2019-02-14 18:32:59, 0, 0, 0, 0, 0, 0, 0, 0, 0, 0, 0
2019-02-14 18:33:09, 0, 0, 0, 0, 0, 0, 0, 0, 0, 0, 0
2019-02-14 18:33:19, 0, 0, 0, 0, 0, 0, 0, 0, 0, 0, 0
2019-02-14 18:33:29, 0, 0, 0, 0, 0, 0, 0, 0, 0, 0, 0
2019-02-14 18:33:39, 0, 0, 0, 0, 0, 0, 0, 0, 0, 0, 0
2019-02-14 18:33:49, 0, 0, 0, 0, 0, 0, 0, 0, 0, 0, 0
2019-02-14 18:34:00, 0, 0, 0, 0, 0, 0, 0, 0, 0, 0, 0
2019-02-14 18:34:10, 0, 0, 0, 0, 0, 0, 0, 0, 0, 0, 0
2019-02-14 18:34:20, 0, 0, 0, 0, 0, 0, 0, 0, 0, 0, 0
2019-02-14 18:34:30, 0, 0, 0, 0, 0, 0, 0, 0, 0, 0, 0
2019-02-14 18:34:40, 0, 0, 0, 0, 0, 0, 0, 0, 0, 0, 0
2019-02-14 18:34:50, 0, 0, 0, 0, 0, 0, 0, 0, 0, 0, 0
2019-02-14 18:35:00, 0, 0, 0, 0, 0, 0, 0, 0, 0, 0, 0
2019-02-14 18:35:10, 0, 0, 0, 0, 0, 0, 0, 0, 0, 0, 0
2019-02-14 18:35:20, 0, 0, 0, 0, 0, 0, 0, 0, 0, 0, 0
2019-02-14 18:35:30, 0, 0, 0, 0, 0, 0, 0, 0, 0, 0, 0
2019-02-14 18:35:40, 0, 0, 0, 0, 0, 0, 0, 0, 0, 0, 0
2019-02-14 18:35:50, 0, 0, 0, 0, 0, 0, 0, 0, 0, 0, 0
2019-02-14 18:36:00, 0, 0, 0, 0, 0, 0, 0, 0, 0, 0, 0
2019-02-14 18:36:11, 0, 0, 0, 0, 0, 0, 0, 0, 0, 0, 0
2019-02-14 18:36:21, 0, 0, 0, 0, 0, 0, 0, 0, 0, 0, 0
2019-02-14 18:36:31, 0, 0, 0, 0, 0, 0, 0, 0, 0, 0, 0
2019-02-14 18:36:41, 0, 0, 0, 0, 0, 0, 0, 0, 0, 0, 0
2019-02-14 18:36:51, 0, 0, 0, 0, 0, 0, 0, 0, 0, 0, 0
2019-02-14 18:37:01, 0, 0, 0, 0, 0, 0, 0, 0, 0, 0, 0
2019-02-14 18:37:11, 0, 0, 0, 0, 0, 0, 0, 0, 0, 0, 0
2019-02-14 18:37:21, 0, 0, 0, 0, 0, 0, 0, 0, 0, 0, 0
2019-02-14 18:37:31, 8, 0, 0, 1, 1, 1, 1, 1, 1, 1, 1
2019-02-14 18:37:41, 3, 1, 1, 1, 0, 0, 0, 0, 0, 0, 0
2019-02-14 18:37:51, 0, 0, 0, 0, 0, 0, 0, 0, 0, 0, 0
2019-02-14 18:38:01, 0, 0, 0, 0, 0, 0, 0, 0, 0, 0, 0
2019-02-14 18:38:12, 0, 0, 0, 0, 0, 0, 0, 0, 0, 0, 0
2019-02-14 18:38:22, 0, 0, 0, 0, 0, 0, 0, 0, 0, 0, 0
2019-02-14 18:38:32, 0, 0, 0, 0, 0, 0, 0, 0, 0, 0, 0
2019-02-14 18:38:42, 0, 0, 0, 0, 0, 0, 0, 0, 0, 0, 0
2019-02-14 18:38:52, 0, 0, 0, 0, 0, 0, 0, 0, 0, 0, 0
2019-02-14 18:39:02, 0, 0, 0, 0, 0, 0, 0, 0, 0, 0, 0
2019-02-14 18:39:12, 0, 0, 0, 0, 0, 0, 0, 0, 0, 0, 0
2019-02-14 18:39:22, 0, 0, 0, 0, 0, 0, 0, 0, 0, 0, 0
2019-02-14 18:39:32, 0, 0, 0, 0, 0, 0, 0, 0, 0, 0, 0
2019-02-14 18:39:42, 0, 0, 0, 0, 0, 0, 0, 0, 0, 0, 0
2019-02-14 18:39:52, 0, 0, 0, 0, 0, 0, 0, 0, 0, 0, 0
2019-02-14 18:40:02, 0, 0, 0, 0, 0, 0, 0, 0, 0, 0, 0
2019-02-14 18:40:13, 0, 0, 0, 0, 0, 0, 0, 0, 0, 0, 0
2019-02-14 18:40:23, 0, 0, 0, 0, 0, 0, 0, 0, 0, 0, 0
2019-02-14 18:40:33, 0, 0, 0, 0, 0, 0, 0, 0, 0, 0, 0
2019-02-14 18:40:43, 0, 0, 0, 0, 0, 0, 0, 0, 0, 0, 0
2019-02-14 18:40:53, 0, 0, 0, 0, 0, 0, 0, 0, 0, 0, 0
2019-02-14 18:41:03, 0, 0, 0, 0, 0, 0, 0, 0, 0, 0, 0
2019-02-14 18:41:13, 0, 0, 0, 0, 0, 0, 0, 0, 0, 0, 0
2019-02-14 18:41:23, 0, 0, 0, 0, 0, 0, 0, 0, 0, 0, 0
2019-02-14 18:41:33, 0, 0, 0, 0, 0, 0, 0, 0, 0, 0, 0
2019-02-14 18:41:43, 0, 0, 0, 0, 0, 0, 0, 0, 0, 0, 0
2019-02-14 18:41:53, 0, 0, 0, 0, 0, 0, 0, 0, 0, 0, 0
2019-02-14 18:42:04, 0, 0, 0, 0, 0, 0, 0, 0, 0, 0, 0
2019-02-14 18:42:14, 0, 0, 0, 0, 0, 0, 0, 0, 0, 0, 0
2019-02-14 18:42:24, 0, 0, 0, 0, 0, 0, 0, 0, 0, 0, 0
2019-02-14 18:42:34, 1, 0, 0, 0, 0, 0, 0, 0, 0, 0, 1
2019-02-14 18:42:44, 0, 0, 0, 0, 0, 0, 0, 0, 0, 0, 0
2019-02-14 18:42:54, 0, 0, 0, 0, 0, 0, 0, 0, 0, 0, 0
2019-02-14 18:43:04, 0, 0, 0, 0, 0, 0, 0, 0, 0, 0, 0
2019-02-14 18:43:14, 0, 0, 0, 0, 0, 0, 0, 0, 0, 0, 0
2019-02-14 18:43:24, 0, 0, 0, 0, 0, 0, 0, 0, 0, 0, 0
2019-02-14 18:43:34, 0, 0, 0, 0, 0, 0, 0, 0, 0, 0, 0
2019-02-14 18:43:44, 0, 0, 0, 0, 0, 0, 0, 0, 0, 0, 0
2019-02-14 18:43:54, 0, 0, 0, 0, 0, 0, 0, 0, 0, 0, 0
2019-02-14 18:44:05, 0, 0, 0, 0, 0, 0, 0, 0, 0, 0, 0
2019-02-14 18:44:15, 0, 0, 0, 0, 0, 0, 0, 0, 0, 0, 0
2019-02-14 18:44:25, 0, 0, 0, 0, 0, 0, 0, 0, 0, 0, 0
2019-02-14 18:44:35, 0, 0, 0, 0, 0, 0, 0, 0, 0, 0, 0
2019-02-14 18:44:45, 0, 0, 0, 0, 0, 0, 0, 0, 0, 0, 0
2019-02-14 18:44:55, 7, 0, 1, 1, 1, 1, 0, 1, 1, 1, 0
2019-02-14 18:45:05, 0, 0, 0, 0, 0, 0, 0, 0, 0, 0, 0
2019-02-14 18:45:15, 0, 0, 0, 0, 0, 0, 0, 0, 0, 0, 0
2019-02-14 18:45:25, 0, 0, 0, 0, 0, 0, 0, 0, 0, 0, 0
2019-02-14 18:45:35, 0, 0, 0, 0, 0, 0, 0, 0, 0, 0, 0
2019-02-14 18:45:45, 0, 0, 0, 0, 0, 0, 0, 0, 0, 0, 0
2019-02-14 18:45:55, 0, 0, 0, 0, 0, 0, 0, 0, 0, 0, 0
2019-02-14 18:46:05, 0, 0, 0, 0, 0, 0, 0, 0, 0, 0, 0
2019-02-14 18:46:16, 0, 0, 0, 0, 0, 0, 0, 0, 0, 0, 0
2019-02-14 18:46:26, 0, 0, 0, 0, 0, 0, 0, 0, 0, 0, 0
2019-02-14 18:46:36, 0, 0, 0, 0, 0, 0, 0, 0, 0, 0, 0
2019-02-14 18:46:46, 0, 0, 0, 0, 0, 0, 0, 0, 0, 0, 0
2019-02-14 18:46:56, 0, 0, 0, 0, 0, 0, 0, 0, 0, 0, 0
2019-02-14 18:47:06, 0, 0, 0, 0, 0, 0, 0, 0, 0, 0, 0
2019-02-14 18:47:16, 0, 0, 0, 0, 0, 0, 0, 0, 0, 0, 0
2019-02-14 18:47:26, 0, 0, 0, 0, 0, 0, 0, 0, 0, 0, 0
2019-02-14 18:47:36, 0, 0, 0, 0, 0, 0, 0, 0, 0, 0, 0
2019-02-14 18:47:46, 0, 0, 0, 0, 0, 0, 0, 0, 0, 0, 0
2019-02-14 18:47:56, 0, 0, 0, 0, 0, 0, 0, 0, 0, 0, 0
2019-02-14 18:48:06, 0, 0, 0, 0, 0, 0, 0, 0, 0, 0, 0
2019-02-14 18:48:17, 0, 0, 0, 0, 0, 0, 0, 0, 0, 0, 0
2019-02-14 18:48:27, 0, 0, 0, 0, 0, 0, 0, 0, 0, 0, 0
2019-02-14 18:48:37, 0, 0, 0, 0, 0, 0, 0, 0, 0, 0, 0
2019-02-14 18:48:47, 0, 0, 0, 0, 0, 0, 0, 0, 0, 0, 0
2019-02-14 18:48:57, 0, 0, 0, 0, 0, 0, 0, 0, 0, 0, 0
2019-02-14 18:49:07, 0, 0, 0, 0, 0, 0, 0, 0, 0, 0, 0
2019-02-14 18:49:17, 0, 0, 0, 0, 0, 0, 0, 0, 0, 0, 0
2019-02-14 18:49:27, 0, 0, 0, 0, 0, 0, 0, 0, 0, 0, 0
2019-02-14 18:49:37, 0, 0, 0, 0, 0, 0, 0, 0, 0, 0, 0
2019-02-14 18:49:47, 0, 0, 0, 0, 0, 0, 0, 0, 0, 0, 0
2019-02-14 18:49:57, 0, 0, 0, 0, 0, 0, 0, 0, 0, 0, 0
2019-02-14 18:50:07, 0, 0, 0, 0, 0, 0, 0, 0, 0, 0, 0
2019-02-14 18:50:17, 0, 0, 0, 0, 0, 0, 0, 0, 0, 0, 0
2019-02-14 18:50:27, 0, 0, 0, 0, 0, 0, 0, 0, 0, 0, 0
2019-02-14 18:50:38, 0, 0, 0, 0, 0, 0, 0, 0, 0, 0, 0
2019-02-14 18:50:48, 0, 0, 0, 0, 0, 0, 0, 0, 0, 0, 0
2019-02-14 18:50:58, 0, 0, 0, 0, 0, 0, 0, 0, 0, 0, 0
2019-02-14 18:51:08, 0, 0, 0, 0, 0, 0, 0, 0, 0, 0, 0
2019-02-14 18:51:18, 0, 0, 0, 0, 0, 0, 0, 0, 0, 0, 0
2019-02-14 18:51:28, 0, 0, 0, 0, 0, 0, 0, 0, 0, 0, 0
2019-02-14 18:51:38, 0, 0, 0, 0, 0, 0, 0, 0, 0, 0, 0
2019-02-14 18:51:48, 0, 0, 0, 0, 0, 0, 0, 0, 0, 0, 0
2019-02-14 18:51:58, 0, 0, 0, 0, 0, 0, 0, 0, 0, 0, 0
2019-02-14 18:52:08, 0, 0, 0, 0, 0, 0, 0, 0, 0, 0, 0
2019-02-14 18:52:18, 0, 0, 0, 0, 0, 0, 0, 0, 0, 0, 0
2019-02-14 18:52:28, 0, 0, 0, 0, 0, 0, 0, 0, 0, 0, 0
2019-02-14 18:52:38, 0, 0, 0, 0, 0, 0, 0, 0, 0, 0, 0
2019-02-14 18:52:48, 0, 0, 0, 0, 0, 0, 0, 0, 0, 0, 0
2019-02-14 18:52:59, 0, 0, 0, 0, 0, 0, 0, 0, 0, 0, 0
2019-02-14 18:53:09, 0, 0, 0, 0, 0, 0, 0, 0, 0, 0, 0
2019-02-14 18:53:19, 0, 0, 0, 0, 0, 0, 0, 0, 0, 0, 0
2019-02-14 18:53:29, 0, 0, 0, 0, 0, 0, 0, 0, 0, 0, 0
2019-02-14 18:53:39, 0, 0, 0, 0, 0, 0, 0, 0, 0, 0, 0
2019-02-14 18:53:49, 0, 0, 0, 0, 0, 0, 0, 0, 0, 0, 0
2019-02-14 18:53:59, 0, 0, 0, 0, 0, 0, 0, 0, 0, 0, 0
2019-02-14 18:54:09, 0, 0, 0, 0, 0, 0, 0, 0, 0, 0, 0
2019-02-14 18:54:19, 0, 0, 0, 0, 0, 0, 0, 0, 0, 0, 0
2019-02-14 18:54:29, 0, 0, 0, 0, 0, 0, 0, 0, 0, 0, 0
2019-02-14 18:54:39, 0, 0, 0, 0, 0, 0, 0, 0, 0, 0, 0
2019-02-14 18:54:49, 0, 0, 0, 0, 0, 0, 0, 0, 0, 0, 0
2019-02-14 18:55:00, 0, 0, 0, 0, 0, 0, 0, 0, 0, 0, 0
2019-02-14 18:55:10, 0, 0, 0, 0, 0, 0, 0, 0, 0, 0, 0
2019-02-14 18:55:20, 0, 0, 0, 0, 0, 0, 0, 0, 0, 0, 0
2019-02-14 18:55:30, 0, 0, 0, 0, 0, 0, 0, 0, 0, 0, 0
2019-02-14 18:55:40, 0, 0, 0, 0, 0, 0, 0, 0, 0, 0, 0
2019-02-14 18:55:50, 0, 0, 0, 0, 0, 0, 0, 0, 0, 0, 0
2019-02-14 18:56:00, 0, 0, 0, 0, 0, 0, 0, 0, 0, 0, 0
2019-02-14 18:56:10, 0, 0, 0, 0, 0, 0, 0, 0, 0, 0, 0
2019-02-14 18:56:20, 0, 0, 0, 0, 0, 0, 0, 0, 0, 0, 0
2019-02-14 18:56:30, 5, 0, 1, 1, 1, 1, 1, 0, 0, 0, 0
2019-02-14 18:56:40, 0, 0, 0, 0, 0, 0, 0, 0, 0, 0, 0
2019-02-14 18:56:50, 0, 0, 0, 0, 0, 0, 0, 0, 0, 0, 0
2019-02-14 18:57:00, 0, 0, 0, 0, 0, 0, 0, 0, 0, 0, 0
2019-02-14 18:57:10, 0, 0, 0, 0, 0, 0, 0, 0, 0, 0, 0
2019-02-14 18:57:21, 0, 0, 0, 0, 0, 0, 0, 0, 0, 0, 0
2019-02-14 18:57:31, 0, 0, 0, 0, 0, 0, 0, 0, 0, 0, 0
2019-02-14 18:57:41, 0, 0, 0, 0, 0, 0, 0, 0, 0, 0, 0
2019-02-14 18:57:51, 0, 0, 0, 0, 0, 0, 0, 0, 0, 0, 0
2019-02-14 18:58:01, 0, 0, 0, 0, 0, 0, 0, 0, 0, 0, 0
2019-02-14 18:58:11, 0, 0, 0, 0, 0, 0, 0, 0, 0, 0, 0
2019-02-14 18:58:21, 0, 0, 0, 0, 0, 0, 0, 0, 0, 0, 0
2019-02-14 18:58:31, 0, 0, 0, 0, 0, 0, 0, 0, 0, 0, 0
2019-02-14 18:58:41, 0, 0, 0, 0, 0, 0, 0, 0, 0, 0, 0
2019-02-14 18:58:51, 0, 0, 0, 0, 0, 0, 0, 0, 0, 0, 0
2019-02-14 18:59:01, 0, 0, 0, 0, 0, 0, 0, 0, 0, 0, 0
2019-02-14 18:59:11, 0, 0, 0, 0, 0, 0, 0, 0, 0, 0, 0
2019-02-14 18:59:21, 0, 0, 0, 0, 0, 0, 0, 0, 0, 0, 0
2019-02-14 18:59:32, 0, 0, 0, 0, 0, 0, 0, 0, 0, 0, 0
2019-02-14 18:59:42, 0, 0, 0, 0, 0, 0, 0, 0, 0, 0, 0
2019-02-14 18:59:52, 0, 0, 0, 0, 0, 0, 0, 0, 0, 0, 0
2019-02-14 19:00:02, 0, 0, 0, 0, 0, 0, 0, 0, 0, 0, 0
2019-02-14 19:00:12, 0, 0, 0, 0, 0, 0, 0, 0, 0, 0, 0
2019-02-14 19:00:22, 0, 0, 0, 0, 0, 0, 0, 0, 0, 0, 0
2019-02-14 19:00:32, 0, 0, 0, 0, 0, 0, 0, 0, 0, 0, 0
2019-02-14 19:00:42, 0, 0, 0, 0, 0, 0, 0, 0, 0, 0, 0
2019-02-14 19:00:52, 0, 0, 0, 0, 0, 0, 0, 0, 0, 0, 0
2019-02-14 19:01:02, 0, 0, 0, 0, 0, 0, 0, 0, 0, 0, 0
2019-02-14 19:01:12, 0, 0, 0, 0, 0, 0, 0, 0, 0, 0, 0
2019-02-14 19:01:22, 0, 0, 0, 0, 0, 0, 0, 0, 0, 0, 0
2019-02-14 19:01:33, 0, 0, 0, 0, 0, 0, 0, 0, 0, 0, 0
2019-02-14 19:01:43, 3, 0, 0, 0, 0, 0, 0, 1, 1, 1, 0
2019-02-14 19:01:53, 0, 0, 0, 0, 0, 0, 0, 0, 0, 0, 0
2019-02-14 19:02:03, 0, 0, 0, 0, 0, 0, 0, 0, 0, 0, 0
2019-02-14 19:02:13, 0, 0, 0, 0, 0, 0, 0, 0, 0, 0, 0
2019-02-14 19:02:23, 0, 0, 0, 0, 0, 0, 0, 0, 0, 0, 0
2019-02-14 19:02:33, 0, 0, 0, 0, 0, 0, 0, 0, 0, 0, 0
2019-02-14 19:02:43, 0, 0, 0, 0, 0, 0, 0, 0, 0, 0, 0
2019-02-14 19:02:53, 0, 0, 0, 0, 0, 0, 0, 0, 0, 0, 0
2019-02-14 19:03:03, 0, 0, 0, 0, 0, 0, 0, 0, 0, 0, 0
2019-02-14 19:03:13, 0, 0, 0, 0, 0, 0, 0, 0, 0, 0, 0
2019-02-14 19:03:24, 0, 0, 0, 0, 0, 0, 0, 0, 0, 0, 0
2019-02-14 19:03:34, 0, 0, 0, 0, 0, 0, 0, 0, 0, 0, 0
2019-02-14 19:03:44, 0, 0, 0, 0, 0, 0, 0, 0, 0, 0, 0
2019-02-14 19:03:54, 0, 0, 0, 0, 0, 0, 0, 0, 0, 0, 0
2019-02-14 19:04:04, 0, 0, 0, 0, 0, 0, 0, 0, 0, 0, 0
2019-02-14 19:04:14, 2, 0, 0, 0, 0, 0, 1, 1, 0, 0, 0
2019-02-14 19:04:24, 0, 0, 0, 0, 0, 0, 0, 0, 0, 0, 0
2019-02-14 19:04:34, 0, 0, 0, 0, 0, 0, 0, 0, 0, 0, 0
2019-02-14 19:04:44, 0, 0, 0, 0, 0, 0, 0, 0, 0, 0, 0
2019-02-14 19:04:54, 0, 0, 0, 0, 0, 0, 0, 0, 0, 0, 0
2019-02-14 19:05:04, 0, 0, 0, 0, 0, 0, 0, 0, 0, 0, 0
2019-02-14 19:05:14, 0, 0, 0, 0, 0, 0, 0, 0, 0, 0, 0
2019-02-14 19:05:25, 0, 0, 0, 0, 0, 0, 0, 0, 0, 0, 0
2019-02-14 19:05:35, 0, 0, 0, 0, 0, 0, 0, 0, 0, 0, 0
2019-02-14 19:05:45, 0, 0, 0, 0, 0, 0, 0, 0, 0, 0, 0
2019-02-14 19:05:55, 0, 0, 0, 0, 0, 0, 0, 0, 0, 0, 0
2019-02-14 19:06:05, 0, 0, 0, 0, 0, 0, 0, 0, 0, 0, 0
2019-02-14 19:06:15, 0, 0, 0, 0, 0, 0, 0, 0, 0, 0, 0
2019-02-14 19:06:25, 0, 0, 0, 0, 0, 0, 0, 0, 0, 0, 0
2019-02-14 19:06:35, 0, 0, 0, 0, 0, 0, 0, 0, 0, 0, 0
2019-02-14 19:06:45, 0, 0, 0, 0, 0, 0, 0, 0, 0, 0, 0
2019-02-14 19:06:55, 0, 0, 0, 0, 0, 0, 0, 0, 0, 0, 0
2019-02-14 19:07:05, 0, 0, 0, 0, 0, 0, 0, 0, 0, 0, 0
2019-02-14 19:07:15, 0, 0, 0, 0, 0, 0, 0, 0, 0, 0, 0
2019-02-14 19:07:26, 0, 0, 0, 0, 0, 0, 0, 0, 0, 0, 0
2019-02-14 19:07:36, 0, 0, 0, 0, 0, 0, 0, 0, 0, 0, 0
2019-02-14 19:07:46, 0, 0, 0, 0, 0, 0, 0, 0, 0, 0, 0
2019-02-14 19:07:56, 0, 0, 0, 0, 0, 0, 0, 0, 0, 0, 0
2019-02-14 19:08:06, 0, 0, 0, 0, 0, 0, 0, 0, 0, 0, 0
2019-02-14 19:08:16, 0, 0, 0, 0, 0, 0, 0, 0, 0, 0, 0
2019-02-14 19:08:26, 0, 0, 0, 0, 0, 0, 0, 0, 0, 0, 0
2019-02-14 19:08:36, 0, 0, 0, 0, 0, 0, 0, 0, 0, 0, 0
2019-02-14 19:08:46, 0, 0, 0, 0, 0, 0, 0, 0, 0, 0, 0
2019-02-14 19:08:56, 0, 0, 0, 0, 0, 0, 0, 0, 0, 0, 0
2019-02-14 19:09:06, 0, 0, 0, 0, 0, 0, 0, 0, 0, 0, 0
2019-02-14 19:09:16, 0, 0, 0, 0, 0, 0, 0, 0, 0, 0, 0
2019-02-14 19:09:27, 0, 0, 0, 0, 0, 0, 0, 0, 0, 0, 0
2019-02-14 19:09:37, 0, 0, 0, 0, 0, 0, 0, 0, 0, 0, 0
2019-02-14 19:09:47, 0, 0, 0, 0, 0, 0, 0, 0, 0, 0, 0
2019-02-14 19:09:57, 0, 0, 0, 0, 0, 0, 0, 0, 0, 0, 0
2019-02-14 19:10:07, 0, 0, 0, 0, 0, 0, 0, 0, 0, 0, 0
2019-02-14 19:10:17, 0, 0, 0, 0, 0, 0, 0, 0, 0, 0, 0
2019-02-14 19:10:27, 0, 0, 0, 0, 0, 0, 0, 0, 0, 0, 0
2019-02-14 19:10:37, 0, 0, 0, 0, 0, 0, 0, 0, 0, 0, 0
2019-02-14 19:10:47, 0, 0, 0, 0, 0, 0, 0, 0, 0, 0, 0
2019-02-14 19:10:57, 0, 0, 0, 0, 0, 0, 0, 0, 0, 0, 0
2019-02-14 19:11:07, 0, 0, 0, 0, 0, 0, 0, 0, 0, 0, 0
2019-02-14 19:11:17, 0, 0, 0, 0, 0, 0, 0, 0, 0, 0, 0
2019-02-14 19:11:27, 0, 0, 0, 0, 0, 0, 0, 0, 0, 0, 0
2019-02-14 19:11:38, 0, 0, 0, 0, 0, 0, 0, 0, 0, 0, 0
2019-02-14 19:11:48, 0, 0, 0, 0, 0, 0, 0, 0, 0, 0, 0
2019-02-14 19:11:58, 0, 0, 0, 0, 0, 0, 0, 0, 0, 0, 0
2019-02-14 19:12:08, 0, 0, 0, 0, 0, 0, 0, 0, 0, 0, 0
2019-02-14 19:12:18, 0, 0, 0, 0, 0, 0, 0, 0, 0, 0, 0
2019-02-14 19:12:28, 0, 0, 0, 0, 0, 0, 0, 0, 0, 0, 0
2019-02-14 19:12:38, 0, 0, 0, 0, 0, 0, 0, 0, 0, 0, 0
2019-02-14 19:12:48, 0, 0, 0, 0, 0, 0, 0, 0, 0, 0, 0
2019-02-14 19:12:58, 0, 0, 0, 0, 0, 0, 0, 0, 0, 0, 0
2019-02-14 19:13:08, 0, 0, 0, 0, 0, 0, 0, 0, 0, 0, 0
2019-02-14 19:13:18, 0, 0, 0, 0, 0, 0, 0, 0, 0, 0, 0
2019-02-14 19:13:28, 0, 0, 0, 0, 0, 0, 0, 0, 0, 0, 0
2019-02-14 19:13:38, 0, 0, 0, 0, 0, 0, 0, 0, 0, 0, 0
2019-02-14 19:13:48, 0, 0, 0, 0, 0, 0, 0, 0, 0, 0, 0
2019-02-14 19:13:59, 0, 0, 0, 0, 0, 0, 0, 0, 0, 0, 0
2019-02-14 19:14:09, 0, 0, 0, 0, 0, 0, 0, 0, 0, 0, 0
2019-02-14 19:14:19, 0, 0, 0, 0, 0, 0, 0, 0, 0, 0, 0
2019-02-14 19:14:29, 0, 0, 0, 0, 0, 0, 0, 0, 0, 0, 0
2019-02-14 19:14:39, 0, 0, 0, 0, 0, 0, 0, 0, 0, 0, 0
2019-02-14 19:14:49, 0, 0, 0, 0, 0, 0, 0, 0, 0, 0, 0
2019-02-14 19:14:59, 0, 0, 0, 0, 0, 0, 0, 0, 0, 0, 0
2019-02-14 19:15:09, 0, 0, 0, 0, 0, 0, 0, 0, 0, 0, 0
2019-02-14 19:15:19, 0, 0, 0, 0, 0, 0, 0, 0, 0, 0, 0
2019-02-14 19:15:29, 0, 0, 0, 0, 0, 0, 0, 0, 0, 0, 0
2019-02-14 19:15:39, 0, 0, 0, 0, 0, 0, 0, 0, 0, 0, 0
2019-02-14 19:15:49, 0, 0, 0, 0, 0, 0, 0, 0, 0, 0, 0
2019-02-14 19:16:00, 0, 0, 0, 0, 0, 0, 0, 0, 0, 0, 0
2019-02-14 19:16:10, 0, 0, 0, 0, 0, 0, 0, 0, 0, 0, 0
2019-02-14 19:16:20, 0, 0, 0, 0, 0, 0, 0, 0, 0, 0, 0
2019-02-14 19:16:30, 0, 0, 0, 0, 0, 0, 0, 0, 0, 0, 0
2019-02-14 19:16:40, 0, 0, 0, 0, 0, 0, 0, 0, 0, 0, 0
2019-02-14 19:16:50, 0, 0, 0, 0, 0, 0, 0, 0, 0, 0, 0
2019-02-14 19:17:00, 0, 0, 0, 0, 0, 0, 0, 0, 0, 0, 0
2019-02-14 19:17:10, 0, 0, 0, 0, 0, 0, 0, 0, 0, 0, 0
2019-02-14 19:17:20, 0, 0, 0, 0, 0, 0, 0, 0, 0, 0, 0
2019-02-14 19:17:30, 0, 0, 0, 0, 0, 0, 0, 0, 0, 0, 0
2019-02-14 19:17:40, 0, 0, 0, 0, 0, 0, 0, 0, 0, 0, 0
2019-02-14 19:17:50, 0, 0, 0, 0, 0, 0, 0, 0, 0, 0, 0
2019-02-14 19:18:01, 0, 0, 0, 0, 0, 0, 0, 0, 0, 0, 0
2019-02-14 19:18:11, 0, 0, 0, 0, 0, 0, 0, 0, 0, 0, 0
2019-02-14 19:18:21, 0, 0, 0, 0, 0, 0, 0, 0, 0, 0, 0
2019-02-14 19:18:31, 0, 0, 0, 0, 0, 0, 0, 0, 0, 0, 0
2019-02-14 19:18:41, 0, 0, 0, 0, 0, 0, 0, 0, 0, 0, 0
2019-02-14 19:18:51, 0, 0, 0, 0, 0, 0, 0, 0, 0, 0, 0
2019-02-14 19:19:01, 0, 0, 0, 0, 0, 0, 0, 0, 0, 0, 0
2019-02-14 19:19:11, 1, 0, 0, 0, 0, 1, 0, 0, 0, 0, 0
2019-02-14 19:19:21, 1, 0, 0, 1, 0, 0, 0, 0, 0, 0, 0
2019-02-14 19:19:31, 0, 0, 0, 0, 0, 0, 0, 0, 0, 0, 0
2019-02-14 19:19:41, 0, 0, 0, 0, 0, 0, 0, 0, 0, 0, 0
2019-02-14 19:19:51, 0, 0, 0, 0, 0, 0, 0, 0, 0, 0, 0
2019-02-14 19:20:01, 0, 0, 0, 0, 0, 0, 0, 0, 0, 0, 0
2019-02-14 19:20:12, 0, 0, 0, 0, 0, 0, 0, 0, 0, 0, 0
2019-02-14 19:20:22, 0, 0, 0, 0, 0, 0, 0, 0, 0, 0, 0
2019-02-14 19:20:32, 0, 0, 0, 0, 0, 0, 0, 0, 0, 0, 0
2019-02-14 19:20:42, 0, 0, 0, 0, 0, 0, 0, 0, 0, 0, 0
2019-02-14 19:20:52, 0, 0, 0, 0, 0, 0, 0, 0, 0, 0, 0
2019-02-14 19:21:02, 0, 0, 0, 0, 0, 0, 0, 0, 0, 0, 0
2019-02-14 19:21:12, 0, 0, 0, 0, 0, 0, 0, 0, 0, 0, 0
2019-02-14 19:21:22, 0, 0, 0, 0, 0, 0, 0, 0, 0, 0, 0
2019-02-14 19:21:32, 0, 0, 0, 0, 0, 0, 0, 0, 0, 0, 0
2019-02-14 19:21:42, 0, 0, 0, 0, 0, 0, 0, 0, 0, 0, 0
2019-02-14 19:21:52, 0, 0, 0, 0, 0, 0, 0, 0, 0, 0, 0
2019-02-14 19:22:03, 0, 0, 0, 0, 0, 0, 0, 0, 0, 0, 0
2019-02-14 19:22:13, 0, 0, 0, 0, 0, 0, 0, 0, 0, 0, 0
2019-02-14 19:22:23, 0, 0, 0, 0, 0, 0, 0, 0, 0, 0, 0
2019-02-14 19:22:33, 0, 0, 0, 0, 0, 0, 0, 0, 0, 0, 0
2019-02-14 19:22:43, 0, 0, 0, 0, 0, 0, 0, 0, 0, 0, 0
2019-02-14 19:22:53, 0, 0, 0, 0, 0, 0, 0, 0, 0, 0, 0
2019-02-14 19:23:03, 0, 0, 0, 0, 0, 0, 0, 0, 0, 0, 0
2019-02-14 19:23:13, 0, 0, 0, 0, 0, 0, 0, 0, 0, 0, 0
2019-02-14 19:23:23, 0, 0, 0, 0, 0, 0, 0, 0, 0, 0, 0
2019-02-14 19:23:33, 0, 0, 0, 0, 0, 0, 0, 0, 0, 0, 0
2019-02-14 19:23:43, 0, 0, 0, 0, 0, 0, 0, 0, 0, 0, 0
2019-02-14 19:23:54, 0, 0, 0, 0, 0, 0, 0, 0, 0, 0, 0
2019-02-14 19:24:04, 0, 0, 0, 0, 0, 0, 0, 0, 0, 0, 0
2019-02-14 19:24:14, 0, 0, 0, 0, 0, 0, 0, 0, 0, 0, 0
2019-02-14 19:24:24, 0, 0, 0, 0, 0, 0, 0, 0, 0, 0, 0
2019-02-14 19:24:34, 0, 0, 0, 0, 0, 0, 0, 0, 0, 0, 0
2019-02-14 19:24:44, 0, 0, 0, 0, 0, 0, 0, 0, 0, 0, 0
2019-02-14 19:24:54, 0, 0, 0, 0, 0, 0, 0, 0, 0, 0, 0
2019-02-14 19:25:04, 0, 0, 0, 0, 0, 0, 0, 0, 0, 0, 0
2019-02-14 19:25:14, 0, 0, 0, 0, 0, 0, 0, 0, 0, 0, 0
2019-02-14 19:25:24, 0, 0, 0, 0, 0, 0, 0, 0, 0, 0, 0
2019-02-14 19:25:34, 0, 0, 0, 0, 0, 0, 0, 0, 0, 0, 0
2019-02-14 19:25:44, 0, 0, 0, 0, 0, 0, 0, 0, 0, 0, 0
2019-02-14 19:25:54, 0, 0, 0, 0, 0, 0, 0, 0, 0, 0, 0
2019-02-14 19:26:05, 0, 0, 0, 0, 0, 0, 0, 0, 0, 0, 0
2019-02-14 19:26:15, 0, 0, 0, 0, 0, 0, 0, 0, 0, 0, 0
2019-02-14 19:26:25, 0, 0, 0, 0, 0, 0, 0, 0, 0, 0, 0
2019-02-14 19:26:35, 2, 0, 0, 0, 0, 0, 0, 0, 1, 1, 0
2019-02-14 19:26:45, 3, 1, 1, 1, 0, 0, 0, 0, 0, 0, 0
